     0/499        0G    0.1209    0.0152   0.07647    0.2125        16       320  0.005973     0.325  0.002491  0.000279   0.07404    0.0131   0.04942
     1/499        0G    0.1196     0.017   0.07681    0.2134        19       320  0.005997    0.2667  0.003635 0.0005175    0.0739   0.01319   0.04923
     2/499        0G    0.1173    0.0193   0.07587    0.2125        23       320  0.004399       0.2  0.002059  0.000373   0.07353   0.01335   0.04912
     3/499        0G    0.1167   0.01828   0.07469    0.2096        18       320   0.01111       0.5   0.01308  0.001914   0.07284   0.01357   0.04899
     4/499        0G    0.1142   0.01563   0.07482    0.2046        12       320   0.01897    0.3333   0.02198  0.004238   0.07205   0.01382   0.04893
     5/499        0G    0.1149   0.01911   0.07873    0.2127        21       320    0.0193    0.3333   0.03292  0.009715   0.07147   0.01398    0.0488
     6/499        0G    0.1153   0.01577   0.07249    0.2036        12       320   0.01657    0.3333    0.0354   0.01528   0.07087   0.01413   0.04866
     7/499        0G     0.113   0.02069   0.07421    0.2079        22       320   0.01674    0.3333   0.03699   0.01633   0.07067   0.01418    0.0485
     8/499        0G    0.1097   0.01889   0.07387    0.2025        18       320   0.01707    0.3667   0.03801   0.01672   0.07072   0.01416   0.04835
     9/499        0G    0.1124   0.01482   0.07274       0.2         8       320     0.032    0.1667   0.03816   0.01502    0.0708   0.01414   0.04823
    10/499        0G    0.1042   0.02343   0.07368    0.2013        20       320   0.01695   0.09825   0.02723  0.009959   0.07074   0.01418    0.0481
    11/499        0G    0.1024   0.02024    0.0715    0.1941        15       320   0.01476       0.1   0.02072  0.008248   0.07036    0.0143   0.04801
    12/499        0G    0.1014   0.02367   0.06896    0.1941        22       320  0.008586    0.3625   0.01517  0.006185   0.06987   0.01444   0.04794
    13/499        0G   0.09234   0.02475   0.07013    0.1872        19       320   0.01093     0.675   0.01698  0.005657   0.06919   0.01462   0.04792
    14/499        0G   0.09106   0.02369   0.06896    0.1837        18       320   0.01044     0.675   0.01808  0.003835   0.06847   0.01476   0.04798
    15/499        0G   0.09079   0.02455   0.06804    0.1834        17       320   0.01128    0.7083   0.01698  0.003093   0.06765   0.01493   0.04788
    16/499        0G   0.08958    0.0221   0.06762    0.1793        17       320   0.01785    0.1917   0.01927   0.00347   0.06619   0.01529    0.0477
    17/499        0G   0.08814   0.02102   0.06348    0.1726        16       320   0.02849     0.325      0.04  0.008955   0.06429   0.01574   0.04744
    18/499        0G    0.0854    0.0227   0.06446    0.1726        17       320   0.08896    0.1372   0.07955   0.01567   0.06299   0.01607   0.04712
    19/499        0G   0.08322   0.02284   0.06455    0.1706        15       320    0.1189    0.1665   0.07264   0.01241   0.06205   0.01629   0.04681
    20/499        0G   0.07691   0.02525   0.06146    0.1636        12       320    0.1253    0.2292    0.1107   0.01979   0.06117   0.01651   0.04654
    21/499        0G   0.07785   0.02554   0.06109    0.1645        17       320    0.1892    0.2263    0.1533   0.03311   0.06052   0.01664   0.04625
    22/499        0G   0.07659    0.0262   0.06108    0.1639        18       320    0.3311    0.1958    0.1781   0.03754   0.05978   0.01679   0.04603
    23/499        0G   0.07857   0.02457   0.05939    0.1625        17       320    0.4824    0.1625    0.1712   0.03797   0.05872     0.017   0.04592
    24/499        0G   0.07715   0.02665    0.0584    0.1622        18       320    0.2587    0.2583    0.1722   0.03694   0.05803   0.01715   0.04584
    25/499        0G   0.07554   0.02604   0.05623    0.1578        21       320    0.3488     0.225    0.1497   0.03222   0.05773   0.01721   0.04587
    26/499        0G   0.07193   0.02961   0.05822    0.1598        18       320   0.09438    0.4286    0.1373    0.0267   0.05752   0.01726   0.04592
    27/499        0G   0.06892   0.02259   0.05313    0.1446        13       320    0.1011      0.45    0.1343   0.03649   0.05742   0.01725   0.04579
    28/499        0G    0.0746   0.03067   0.05759    0.1629        22       320    0.2145    0.3542    0.1662   0.03866   0.05723   0.01728   0.04561
    29/499        0G   0.06646   0.02673   0.05451    0.1477        16       320    0.3048    0.3542    0.1719   0.03231   0.05714   0.01732   0.04546
    30/499        0G   0.06534    0.0297   0.05545    0.1505        17       320    0.3253    0.2917    0.1737   0.05345   0.05689   0.01735   0.04526
    31/499        0G   0.06891   0.02097   0.05414     0.144        13       320    0.2851    0.3875    0.2003   0.07557   0.05638   0.01741   0.04497
    32/499        0G   0.06695   0.02734   0.04971     0.144        16       320    0.3208     0.325     0.199   0.07701   0.05615    0.0174   0.04479
    33/499        0G   0.06097   0.02979   0.04957    0.1403        16       320     0.294    0.3875    0.2104   0.07261   0.05606   0.01736   0.04456
    34/499        0G   0.06489   0.03268   0.05077    0.1483        21       320    0.2461    0.4208    0.2156   0.08094   0.05619   0.01721   0.04431
    35/499        0G   0.05868   0.03058   0.05178     0.141        16       320    0.2707    0.2958    0.2269   0.09547   0.05563   0.01719   0.04396
    36/499        0G    0.0639   0.02733   0.05018    0.1414        19       320    0.2866    0.2958    0.2447    0.1046   0.05474   0.01733   0.04363
    37/499        0G   0.06034   0.02641   0.04795    0.1347        14       320    0.3318    0.2958    0.2416    0.1135   0.05366   0.01743   0.04318
    38/499        0G    0.0624   0.02262   0.04661    0.1316        14       320    0.3805    0.2958    0.2363    0.1343   0.05241   0.01778   0.04288
    39/499        0G   0.06113   0.02622    0.0448    0.1322        16       320    0.3312    0.2958    0.2386     0.135   0.05157   0.01796    0.0425
    40/499        0G   0.05516   0.03145   0.04436     0.131        18       320    0.2831    0.3225    0.2148     0.119     0.051   0.01794   0.04193
    41/499        0G   0.05582   0.03295   0.04384    0.1326        24       320     0.386    0.2333    0.2403    0.1191   0.05096   0.01788   0.04128
    42/499        0G   0.05031   0.02902   0.04208    0.1214        15       320    0.2589     0.425    0.2938    0.1277   0.05016   0.01798   0.04061
    43/499        0G   0.05902   0.02126   0.04151    0.1218        15       320    0.3209    0.6167    0.3541    0.1482   0.04922   0.01807   0.03981
    44/499        0G    0.0508    0.0296   0.04596    0.1264        19       320    0.2882    0.6167    0.3571    0.1174   0.04845   0.01805   0.03918
    45/499        0G    0.0537   0.03361   0.04493    0.1322        18       320    0.3064    0.8708    0.4027    0.1255   0.04747   0.01812   0.03862
    46/499        0G   0.05308   0.02453   0.04258    0.1202        16       320    0.3174    0.8063    0.4081    0.1362   0.04786   0.01787   0.03818
    47/499        0G    0.0503   0.02709   0.04306    0.1205        19       320    0.3037    0.8708    0.4329     0.153   0.04637   0.01801   0.03752
    48/499        0G   0.05047   0.02974   0.04246    0.1227        22       320    0.3077    0.8549    0.4323    0.1241   0.04639   0.01782   0.03735
    49/499        0G   0.05095   0.02124   0.03472    0.1069        11       320    0.3048    0.8708    0.4429    0.1289   0.04541   0.01777    0.0366
    50/499        0G   0.05014   0.02533   0.04044    0.1159        17       320    0.2686    0.5542    0.3601    0.1201   0.04553   0.01752   0.03611
    51/499        0G   0.05074   0.01927   0.04507    0.1151        12       320    0.3188    0.5583    0.4047    0.1225   0.04428   0.01758   0.03583
    52/499        0G   0.05077   0.02411   0.04215     0.117        16       320     0.363    0.5583    0.4258    0.1744   0.04385    0.0174   0.03561
    53/499        0G   0.04569   0.02536   0.03984    0.1109        22       320    0.2907    0.8125    0.4268      0.13   0.04422   0.01714   0.03522
    54/499        0G   0.04777   0.02686   0.03506    0.1097        21       320    0.4336    0.5875    0.4563    0.1757   0.04357   0.01699    0.0351
    55/499        0G   0.04702   0.02274   0.04118    0.1109        16       320    0.2968    0.5583    0.3404    0.1204   0.04283   0.01687   0.03448
    56/499        0G   0.04905   0.02308   0.03593    0.1081        21       320    0.3772    0.9375    0.4665    0.1941   0.04251   0.01667   0.03418
    57/499        0G   0.04404   0.02438   0.03635    0.1048        19       320    0.3706    0.8642    0.4441    0.1819   0.04064   0.01667   0.03358
    58/499        0G   0.05063   0.02158   0.03957    0.1118        17       320    0.4148    0.8236    0.4514    0.1797   0.04161   0.01618    0.0327
    59/499        0G   0.04605   0.02097   0.03902     0.106        17       320    0.4037    0.7125    0.4329    0.2185   0.03818   0.01623   0.03154
    60/499        0G   0.04688   0.02499   0.03713     0.109        26       320    0.4593    0.7125    0.4354    0.2123   0.04023   0.01548   0.03082
    61/499        0G   0.04882   0.01539   0.03437   0.09857        10       320    0.4859    0.7125    0.4653    0.2591   0.03817   0.01537   0.03014
    62/499        0G   0.04731   0.02098   0.03638    0.1047        19       320    0.3708     0.609    0.3721    0.1914   0.04265   0.01466   0.02976
    63/499        0G   0.04753   0.01788   0.03436   0.09977        14       320    0.4464    0.7343    0.4622    0.2303   0.03657   0.01517   0.02913
    64/499        0G   0.03966   0.01879   0.03582   0.09427        13       320    0.3975    0.7458    0.4923    0.2689   0.03748   0.01484    0.0287
    65/499        0G   0.03856    0.0155   0.03319   0.08726        11       320    0.3799    0.7458    0.4725    0.2013    0.0377   0.01469   0.02847
    66/499        0G   0.04527   0.02163   0.03617    0.1031        20       320    0.4068     0.753    0.4735    0.2728   0.03609    0.0146   0.02816
    67/499        0G   0.04885   0.01982   0.03562    0.1043        23       320    0.4816    0.5875    0.4616    0.1969   0.04068   0.01384   0.02782
    68/499        0G   0.04106   0.01821   0.03165   0.09091        16       320     0.499    0.6833    0.4727    0.2878   0.03738   0.01409   0.02765
    69/499        0G   0.04026   0.01901   0.03237   0.09164        17       320    0.5285    0.6735    0.5116    0.2598    0.0389   0.01378    0.0275
    70/499        0G   0.04074   0.01961   0.03579   0.09615        22       320    0.4775    0.5495    0.4676    0.2783   0.03977   0.01354   0.02755
    71/499        0G   0.04351   0.01903   0.03257   0.09511        17       320    0.4987    0.6782    0.4968    0.2553    0.0397   0.01356    0.0273
    72/499        0G   0.04154   0.01523   0.03225   0.08902        12       320    0.5497    0.5828    0.5443    0.3192   0.03811   0.01345   0.02722
    73/499        0G   0.04698   0.01698    0.0375    0.1015        21       320    0.3812    0.8375    0.4781    0.2165   0.04087   0.01339   0.02713
    74/499        0G   0.04506   0.01614   0.03476   0.09596        14       320     0.503    0.7417    0.5691    0.2711   0.03652   0.01348     0.027
    75/499        0G   0.04091   0.01708   0.03343   0.09142        18       320    0.5026    0.7417    0.5442    0.2743   0.03976   0.01298   0.02658
    76/499        0G   0.04234    0.0189   0.03234   0.09359        22       320    0.5263    0.7055    0.5536    0.3042   0.03889   0.01273   0.02635
    77/499        0G   0.04467   0.01564   0.03209    0.0924        12       320     0.529    0.7728     0.564    0.2848   0.03971   0.01256   0.02602
    78/499        0G   0.04176   0.01682   0.03181   0.09039        20       320    0.6263    0.6458    0.5931    0.2747    0.0409   0.01233   0.02606
    79/499        0G   0.03876   0.01648    0.0338   0.08905        17       320    0.4767    0.8696    0.6131    0.3239   0.03733   0.01245   0.02561
    80/499        0G   0.03864   0.01543   0.03295   0.08703        15       320    0.4981    0.8624    0.6264    0.3202   0.03602   0.01242   0.02522
    81/499        0G   0.04202    0.0144   0.03086   0.08728        17       320     0.514      0.55    0.4893    0.2619   0.03837   0.01221   0.02485
    82/499        0G   0.04779   0.01555   0.03126    0.0946        19       320    0.4411    0.8708     0.551    0.2956    0.0381   0.01209   0.02433
    83/499        0G   0.04354   0.01405   0.03158   0.08917        16       320    0.4633    0.8666    0.5558    0.3255   0.03441   0.01214   0.02435
    84/499        0G   0.04379   0.01661   0.03277   0.09317        16       320    0.4492    0.8708    0.5495    0.3216    0.0336   0.01198    0.0242
    85/499        0G   0.03966   0.01587   0.03181   0.08734        18       320    0.5245     0.637    0.5219    0.2293   0.03379   0.01195   0.02381
    86/499        0G   0.04747   0.01643   0.02979   0.09369        21       320    0.4393    0.8708    0.5652     0.357   0.03198   0.01181   0.02364
    87/499        0G   0.04338   0.01655    0.0325   0.09243        19       320    0.5502    0.7443    0.5818     0.355   0.02886   0.01189    0.0234
    88/499        0G   0.03992    0.0143   0.03226   0.08648        14       320    0.5076    0.7458    0.5799    0.3492   0.02996   0.01171    0.0232
    89/499        0G   0.04024   0.01217    0.0346   0.08702        13       320    0.5712    0.7455    0.5914    0.3875   0.02865   0.01158   0.02302
    90/499        0G    0.0398   0.01476   0.03389   0.08845        17       320    0.5209    0.8708     0.608    0.3993   0.02607    0.0117    0.0229
    91/499        0G   0.03842   0.01596   0.03208   0.08647        19       320    0.4875    0.9042    0.5989    0.3645   0.02882   0.01142   0.02273
    92/499        0G   0.04033   0.01746   0.03128   0.08907        20       320    0.4444    0.9042    0.5957    0.4154   0.02588   0.01144   0.02254
    93/499        0G   0.04159   0.01508   0.03503   0.09171        14       320    0.4442    0.8827    0.5808    0.3409   0.02787   0.01147   0.02244
    94/499        0G    0.0418     0.013   0.03646   0.09126        12       320     0.406    0.9042    0.5619    0.3999   0.02724   0.01117   0.02228
    95/499        0G   0.03816   0.01344   0.03034   0.08193        15       320    0.4804    0.9042     0.582    0.3963   0.02475   0.01124   0.02216
    96/499        0G   0.03805   0.01453    0.0317   0.08428        16       320    0.3374    0.9042    0.5007    0.2888   0.02617   0.01122   0.02203
    97/499        0G    0.0399   0.01394   0.03148   0.08532        16       320    0.3748    0.9042    0.5162    0.3913   0.02783   0.01102   0.02181
    98/499        0G   0.04248   0.01624   0.03086   0.08958        19       320    0.3438    0.9042    0.5435    0.3658   0.02601   0.01106   0.02167
    99/499        0G   0.04229   0.01381    0.0332    0.0893        17       320     0.482    0.7167    0.5606    0.3331   0.02576   0.01081    0.0216
   100/499        0G   0.03842   0.01145   0.03048   0.08035        13       320    0.4045    0.8417    0.5209    0.3312   0.02411   0.01086   0.02149
   101/499        0G   0.04172   0.01487   0.03315   0.08974        15       320    0.4108    0.8417    0.5504    0.4147   0.02433   0.01052    0.0214
   102/499        0G   0.04231   0.01547   0.03041    0.0882        16       320    0.3855     0.778    0.4292    0.2535     0.023    0.0105    0.0213
   103/499        0G   0.04287    0.0144   0.02942   0.08669        20       320    0.4368    0.7575    0.5596    0.4029   0.02765  0.009928   0.02126
   104/499        0G   0.04243   0.01333   0.02955   0.08531        15       320    0.4544    0.8417    0.6134    0.4868   0.02372  0.009943   0.02117
   105/499        0G   0.04567   0.01654   0.02966   0.09186        22       320    0.3485    0.8729    0.6158     0.388   0.03267  0.009991   0.02106
   106/499        0G    0.0509   0.01444   0.02886    0.0942        21       320    0.4841     0.875    0.6542    0.4925   0.02555  0.009422   0.02104
   107/499        0G   0.04393   0.01579   0.03077   0.09048        20       320    0.4135     0.875    0.6073    0.4148   0.03123   0.00978     0.021
   108/499        0G   0.04285   0.01443   0.03551   0.09279        19       320    0.4145    0.9339    0.6607    0.4345   0.02028  0.009884   0.02098
   109/499        0G    0.0432   0.01314   0.03634   0.09268        18       320    0.4653         1    0.6805    0.5285   0.02606  0.009283   0.02088
   110/499        0G   0.04352   0.01448   0.03061   0.08861        18       320    0.4438     0.875    0.6444     0.464   0.02448  0.009558   0.02083
   111/499        0G   0.03887   0.01684   0.02935   0.08506        21       320     0.519    0.9994    0.6558    0.4704   0.01906  0.009498   0.02075
   112/499        0G   0.04035    0.0126   0.03361   0.08656        17       320    0.4049         1    0.6601     0.485   0.02561  0.009381   0.02067
   113/499        0G   0.04125   0.01366   0.02913   0.08403        15       320    0.5207         1    0.6577    0.4516   0.02193  0.009167   0.02066
   114/499        0G   0.04268   0.01342   0.03231   0.08841        19       320    0.4395     0.875    0.6124    0.4954   0.02307  0.009325   0.02058
   115/499        0G   0.03652   0.01467   0.03257   0.08375        16       320    0.4914    0.9777    0.6335    0.5032   0.01772  0.009202   0.02054
   116/499        0G   0.04809   0.01234    0.0311   0.09153        16       320    0.4083         1    0.5617    0.2725   0.02719  0.009074   0.02048
   117/499        0G   0.04084    0.0133   0.02779   0.08192        16       320     0.455         1    0.5985    0.3766   0.02156  0.009009    0.0204
   118/499        0G   0.04327   0.01476     0.029   0.08703        21       320    0.4306    0.9375    0.5198    0.3585     0.021  0.008839   0.02034
   119/499        0G   0.04662   0.01287    0.0346   0.09409        17       320     0.434    0.9978    0.6691    0.4909   0.02887  0.008604   0.02032
   120/499        0G   0.04171   0.01248     0.032   0.08619        16       320    0.4031         1    0.6758    0.4248    0.0245  0.008526   0.02028
   121/499        0G   0.04106   0.01475   0.03152   0.08733        20       320    0.3829    0.8125    0.4964    0.3189   0.02581  0.008711   0.02025
   122/499        0G   0.04088   0.01386   0.02857   0.08331        19       320    0.5446    0.9925    0.6844    0.4113    0.0202  0.008329   0.02023
   123/499        0G   0.03748   0.01385   0.02725   0.07858        17       320    0.3991    0.8125    0.5188    0.3367   0.02409  0.008404   0.02021
   124/499        0G   0.03871   0.01253   0.03052   0.08175        14       320    0.7106    0.6875    0.6203     0.403   0.01961   0.00844   0.02021
   125/499        0G   0.03791   0.01277   0.02929   0.07997        18       320    0.5077    0.8125    0.7189    0.4597   0.02225  0.008383   0.02017
   126/499        0G   0.03929   0.01172    0.0329   0.08392         9       320    0.5083    0.6875    0.5442    0.1964   0.02678  0.008493   0.02018
   127/499        0G   0.04044    0.0135   0.03226    0.0862        15       320    0.4708      0.75    0.6907    0.4746   0.02362  0.008226   0.02014
   128/499        0G   0.04204   0.01216   0.03081   0.08501        17       320     0.458    0.8122    0.6509    0.3322   0.02831   0.00801   0.02021
   129/499        0G   0.04285   0.01068   0.03275   0.08628        12       320     0.553    0.7363    0.6138    0.3475   0.02224  0.008387   0.02019
   130/499        0G   0.03881   0.01389   0.02961    0.0823        18       320    0.7118    0.8125    0.7477    0.5119   0.01947  0.008246   0.02017
   131/499        0G   0.03655   0.01305   0.03076   0.08036        15       320    0.5194      0.75    0.6913    0.4804   0.02507  0.008213    0.0201
   132/499        0G   0.03626   0.01269     0.025   0.07394        13       320    0.4663         1    0.6745    0.4258   0.01735  0.008232   0.02008
   133/499        0G   0.03996   0.01451   0.03093   0.08539        18       320     0.378         1    0.7004    0.4504   0.02872  0.007882      0.02
   134/499        0G    0.0361   0.01325   0.03044   0.07978        17       320    0.4876    0.9991    0.7292    0.3707    0.0201  0.007733   0.01999
   135/499        0G   0.04118     0.013   0.02886   0.08304        15       320     0.432         1    0.7433    0.5587   0.02382  0.007861   0.01998
   136/499        0G   0.04044   0.01264   0.03247   0.08555        16       320     0.582    0.8041    0.6366    0.3791   0.02245  0.007919   0.01995
   137/499        0G   0.03824   0.01449   0.02777    0.0805        23       320    0.5365    0.8125    0.6832    0.4604   0.02497  0.007765   0.01994
   138/499        0G   0.04124   0.01275   0.03042   0.08441        17       320     0.575    0.8741    0.7003    0.4932   0.01828  0.007927   0.01995
   139/499        0G   0.04077   0.01335   0.03394   0.08805        19       320    0.4891     0.875    0.6558    0.4642   0.02715   0.00781   0.01999
   140/499        0G   0.03823   0.01269   0.02966   0.08058        18       320    0.4933     0.875    0.6779    0.5027   0.01978  0.007964   0.02005
   141/499        0G   0.04025   0.01166    0.0309   0.08282        14       320    0.4811    0.9951    0.6197    0.4204    0.0255  0.008152    0.0201
   142/499        0G   0.04279   0.01187   0.02967   0.08434        15       320    0.4259    0.9888    0.6799    0.5497   0.02477  0.007848   0.02012
   143/499        0G   0.04299   0.01351   0.02972   0.08622        16       320     0.422         1    0.6985    0.3214   0.02912  0.008251    0.0202
   144/499        0G   0.04345   0.01404   0.02703   0.08452        19       320    0.5622         1    0.7361    0.4947    0.0207   0.00806   0.02017
   145/499        0G   0.04178   0.01408   0.03052   0.08638        17       320    0.6105     0.934     0.763     0.507   0.02384  0.008206   0.02013
   146/499        0G   0.04085   0.01276   0.02744   0.08105        13       320    0.5962         1    0.7765    0.5773   0.02185  0.008022   0.02014
   147/499        0G   0.03695   0.01214   0.03426   0.08335        13       320    0.6594    0.9598    0.7423    0.5164   0.01995  0.008186   0.02011
   148/499        0G    0.0352   0.01086   0.03291   0.07897        13       320     0.712         1    0.7742    0.6025   0.01821   0.00782   0.02003
   149/499        0G   0.03622   0.01238   0.03317   0.08176        17       320    0.4625    0.9906    0.5997    0.4357   0.02858  0.008035   0.01998
   150/499        0G   0.04251    0.0122   0.02904   0.08375        17       320    0.6567     0.875    0.6966    0.4867   0.02126  0.007885   0.01992
   151/499        0G   0.03749   0.01186   0.03328   0.08263        16       320     0.669     0.875    0.7125    0.5472   0.01601  0.007808   0.01987
   152/499        0G   0.03519   0.01263   0.03223   0.08005        13       320    0.4679         1    0.6344    0.4449   0.01926   0.00777   0.01981
   153/499        0G   0.04276   0.01459   0.02829   0.08563        15       320     0.561    0.8125    0.5465    0.4124    0.0263  0.008169   0.01975
   154/499        0G   0.04762    0.0119   0.03221   0.09172        16       320     0.576    0.8125    0.6645    0.3564   0.02477  0.007637   0.01966
   155/499        0G   0.04114   0.01288   0.02851   0.08252        16       320    0.6488    0.8099    0.7494    0.4998   0.02203  0.007537   0.01957
   156/499        0G   0.04119   0.01242   0.02946   0.08306        20       320    0.4058         1    0.6127    0.4251   0.02259  0.007442   0.01951
   157/499        0G   0.04292   0.01392   0.02949   0.08633        20       320    0.7104    0.7498    0.7106    0.4984   0.01993  0.007481   0.01944
   158/499        0G   0.03879   0.01188   0.03247   0.08314        14       320    0.6945    0.7452    0.6445    0.4348   0.02051  0.007383    0.0194
   159/499        0G   0.03425   0.01353   0.02939   0.07718        17       320    0.7586      0.74    0.7329    0.4949   0.01973  0.007155    0.0193
   160/499        0G    0.0379   0.01454   0.02711   0.07955        24       320    0.6881      0.75    0.7294    0.5519   0.02035  0.007201   0.01929
   161/499        0G   0.04041   0.01184   0.02567   0.07792        18       320    0.6976    0.6866    0.5985    0.3828   0.02258  0.006957   0.01919
   162/499        0G   0.04671   0.01204    0.0285   0.08724        14       320    0.3854    0.9375    0.7118    0.4715   0.02325  0.007097   0.01917
   163/499        0G   0.04445   0.01432   0.02683    0.0856        20       320    0.4587      0.75    0.6101     0.393   0.02293  0.007159   0.01914
   164/499        0G    0.0343   0.01186   0.02962   0.07579        18       320    0.6639    0.6875    0.7012    0.6091   0.02013  0.006688   0.01911
   165/499        0G   0.03187    0.0123   0.02869   0.07286        13       320    0.5699      0.75    0.6198    0.3225   0.02507  0.006875    0.0191
   166/499        0G   0.03332   0.01355   0.03246   0.07932        19       320    0.6316      0.75    0.7093    0.5718   0.01643  0.006874   0.01906
   167/499        0G   0.03768   0.01148   0.03227   0.08143        13       320     0.642    0.6875    0.6308    0.3674   0.02579  0.007202   0.01904
   168/499        0G   0.04307   0.01304   0.03005   0.08616        19       320    0.8087    0.6875    0.7046    0.5768   0.01714  0.006686   0.01903
   169/499        0G   0.03271   0.01164   0.03267   0.07702        13       320    0.7356    0.6875    0.6982    0.5389   0.02143  0.006865   0.01897
   170/499        0G   0.04078   0.01305   0.02694   0.08078        16       320    0.5166      0.75    0.6308    0.3885   0.02004  0.006907     0.019
   171/499        0G   0.03923    0.0115   0.02757   0.07829        14       320    0.4182    0.9375    0.6772    0.4381   0.02289  0.006851   0.01894
   172/499        0G   0.03347    0.0135     0.031   0.07797        21       320    0.6855    0.6875    0.6339    0.4174   0.01889  0.006767   0.01897
   173/499        0G   0.03256   0.01387    0.0301   0.07653        20       320    0.4277         1    0.6569    0.5088   0.01964  0.006794   0.01892
   174/499        0G   0.03312   0.01135    0.0289   0.07338        15       320    0.4824    0.6875    0.6438     0.435   0.01718   0.00668   0.01892
   175/499        0G   0.04005   0.01368   0.02942   0.08315        17       320     0.373    0.6875     0.536    0.3521    0.0253  0.006866   0.01886
   176/499        0G   0.03176  0.009708   0.02603   0.06749        12       320    0.4142    0.9375    0.6441    0.4053   0.01607  0.006587   0.01888
   177/499        0G   0.03187   0.01225   0.03277   0.07689        19       320    0.4448    0.9991    0.6064    0.4738   0.01707  0.006598   0.01883
   178/499        0G   0.03526   0.01167   0.02937   0.07631        13       320    0.3443    0.9375    0.6177    0.3411   0.01952  0.006745   0.01878
   179/499        0G   0.03747   0.01076   0.02693   0.07516        14       320    0.3063    0.9375     0.558    0.3646   0.02206  0.006625   0.01874
   180/499        0G      0.04   0.01129    0.0319   0.08319        14       320    0.3911    0.9353    0.6262    0.3923   0.01751  0.006546   0.01872
   181/499        0G   0.04386   0.01029   0.03163   0.08577        16       320    0.3186    0.9368    0.6414     0.442   0.02171  0.006649   0.01865
   182/499        0G   0.03956   0.01251   0.02864   0.08071        17       320    0.4923         1    0.7227    0.5656   0.01357  0.006376   0.01865
   183/499        0G   0.03755   0.01227   0.02946   0.07928        17       320    0.5832    0.6875    0.6929    0.3843   0.02372  0.006533   0.01861
   184/499        0G   0.04285   0.00962   0.02816   0.08062        13       320    0.4807    0.8018    0.7145    0.4907   0.02034  0.006572   0.01865
   185/499        0G   0.03996   0.01156   0.02748   0.07899        17       320    0.5812    0.8125    0.7339    0.5454   0.01732  0.006623   0.01863
   186/499        0G   0.04327   0.01383   0.02874   0.08583        16       320    0.4218    0.8125     0.713    0.4723   0.02325  0.006697   0.01859
   187/499        0G   0.04757   0.01009   0.03118   0.08884        11       320    0.5156    0.8125    0.7473    0.5744   0.02177  0.006583   0.01862
   188/499        0G   0.03705   0.01304   0.02655   0.07663        20       320    0.5117    0.8097    0.7377    0.5011   0.01689  0.006739   0.01863
   189/499        0G   0.03506   0.01137   0.02844   0.07488        19       320    0.5495    0.8112    0.7385    0.5502   0.01864  0.006718   0.01857
   190/499        0G   0.03628   0.01249   0.02938   0.07814        19       320    0.4883    0.8125    0.7239    0.4741   0.02121  0.006707   0.01856
   191/499        0G   0.03383   0.01247     0.028    0.0743        20       320    0.5597     0.875    0.7321    0.5509   0.01516  0.006595   0.01852
   192/499        0G    0.0346   0.01189   0.02862    0.0751        19       320     0.395     0.875    0.6135     0.309   0.02806   0.00655   0.01837
   193/499        0G   0.03373   0.01396   0.02708   0.07477        18       320    0.4809     0.875    0.7215    0.4759   0.02001  0.006291   0.01832
   194/499        0G   0.03729   0.01117   0.02816   0.07663        16       320    0.4437     0.875    0.6537    0.4409   0.02614  0.006442   0.01823
   195/499        0G   0.04003   0.01017    0.0322    0.0824        13       320    0.5218     0.875    0.7169    0.5243   0.01577  0.006247   0.01824
   196/499        0G   0.03378   0.01325   0.03207    0.0791        20       320    0.4767    0.8722    0.7087    0.4678   0.02052  0.006378   0.01824
   197/499        0G   0.03588   0.01326   0.02845    0.0776        23       320    0.5704    0.8704    0.7337     0.567   0.01663  0.006252   0.01822
   198/499        0G   0.03469    0.0101   0.02464   0.06943        12       320    0.3499     0.875     0.642    0.4225   0.02281  0.006456   0.01811
   199/499        0G   0.03215   0.01004   0.02269   0.06488        14       320    0.5992     0.875    0.8081    0.6371   0.01656  0.006175   0.01809
   200/499        0G   0.03371   0.01096   0.03003   0.07469        15       320    0.4663    0.8125    0.7064    0.4486   0.02121  0.006408   0.01803
   201/499        0G   0.03605   0.01423   0.02955   0.07983        24       320    0.6424    0.8125    0.7944    0.5835   0.01667  0.006334   0.01801
   202/499        0G   0.03567   0.01223   0.02488   0.07278        15       320    0.6993    0.8125    0.8164    0.5825   0.02036  0.006377    0.0179
   203/499        0G   0.03972   0.01087   0.02615   0.07674        16       320    0.6468    0.8125    0.7576    0.5515   0.02005  0.006274   0.01783
   204/499        0G   0.03565   0.01252   0.02687   0.07504        21       320    0.6674    0.8117    0.8395    0.6213    0.0172  0.006192   0.01773
   205/499        0G   0.03322   0.01105   0.02065   0.06491        13       320    0.6131    0.8125    0.7884    0.5476   0.01908  0.006392   0.01769
   206/499        0G   0.03571   0.01101   0.02904   0.07576        15       320    0.6324    0.8095    0.8121    0.5665   0.01755  0.006333   0.01761
   207/499        0G   0.03122  0.009125   0.03252   0.07286        12       320    0.8132    0.8125    0.8741    0.6739   0.01576  0.006021   0.01751
   208/499        0G   0.02933  0.009713    0.0321   0.07115        15       320    0.6476    0.8692    0.8331    0.5907   0.01848  0.006186   0.01742
   209/499        0G   0.03474   0.01006   0.02617   0.07097        13       320    0.7209     0.875    0.8701    0.6041   0.01875  0.006227   0.01733
   210/499        0G    0.0325   0.01036   0.03147   0.07433        16       320    0.7629     0.875     0.908    0.6862   0.01753  0.006044   0.01726
   211/499        0G   0.03497   0.01388   0.02551   0.07436        25       320    0.8044     0.873    0.9149    0.6211    0.0175  0.006145   0.01722
   212/499        0G   0.03469   0.01121   0.02795   0.07386        17       320     0.677    0.8125    0.8766    0.6566   0.01947  0.006216   0.01719
   213/499        0G   0.03618   0.01333   0.02944   0.07896        20       320    0.6892    0.8712    0.9096    0.6782    0.0182  0.006073   0.01719
   214/499        0G   0.03132   0.01074   0.02778   0.06984        14       320    0.6931    0.8125    0.8877    0.7021    0.0172  0.006102   0.01711
   215/499        0G   0.03153   0.01322   0.02581   0.07055        21       320    0.7047     0.875     0.921     0.716   0.01574   0.00597   0.01711
   216/499        0G    0.0295   0.01143   0.02731   0.06824        19       320    0.6399    0.9375    0.8738     0.639   0.02202  0.006008   0.01699
   217/499        0G   0.03738   0.01239   0.02628   0.07606        21       320    0.5894    0.9375    0.8733    0.5831   0.01817  0.006054   0.01686
   218/499        0G    0.0361   0.01091   0.02766   0.07467        18       320    0.7268    0.8729    0.9453    0.6935   0.01852  0.006131   0.01676
   219/499        0G   0.03633   0.01259   0.02404   0.07296        21       320    0.7541    0.9375    0.9604    0.7462   0.01567  0.005889   0.01665
   220/499        0G   0.03341   0.01126   0.02908   0.07374        15       320    0.7313    0.8743    0.9508    0.6567   0.01812  0.006079   0.01654
   221/499        0G   0.03674   0.01121   0.02839   0.07634        14       320    0.6817    0.9374     0.949    0.7424   0.01614  0.006133   0.01642
   222/499        0G   0.03623  0.009749   0.02406   0.07004        10       320    0.6793    0.9375    0.9265    0.6507   0.01571  0.006043   0.01629
   223/499        0G   0.03069   0.01114   0.02527   0.06709        18       320    0.6841    0.9375    0.9428    0.7455   0.01518  0.005899   0.01613
   224/499        0G   0.03318   0.01017     0.027   0.07035        12       320    0.6162    0.9375    0.8762    0.6131   0.01738  0.005955   0.01597
   225/499        0G    0.0335   0.01023   0.02439   0.06812        12       320    0.6277    0.9375    0.9371    0.6984   0.01824  0.006075    0.0158
   226/499        0G   0.03675   0.01094   0.02482   0.07251        18       320    0.5644    0.9349    0.8415    0.4118   0.01977  0.006029   0.01559
   227/499        0G   0.03257   0.01176   0.02627    0.0706        19       320    0.6731    0.9375    0.9198    0.7346   0.01443  0.005903    0.0154
   228/499        0G   0.03484  0.009216    0.0303   0.07436        13       320    0.5178    0.9375    0.8187    0.5454   0.02318  0.005775   0.01511
   229/499        0G   0.03859  0.009312   0.02529    0.0732        14       320     0.594    0.9375    0.8479    0.5773   0.02496  0.006014   0.01485
   230/499        0G   0.03819   0.01064   0.02642   0.07524        15       320    0.7747    0.9353    0.9684    0.6815   0.01389  0.005769   0.01463
   231/499        0G   0.02721  0.009823   0.02552   0.06256        16       320    0.8248    0.9363    0.9787     0.715   0.01692  0.005688   0.01441
   232/499        0G   0.03112   0.01144   0.02445   0.06701        16       320    0.8255    0.9184    0.9831    0.7182   0.01788  0.005717    0.0142
   233/499        0G   0.03366   0.01132   0.02683   0.07181        15       320    0.7674    0.9375    0.9865    0.6203   0.02139  0.006035   0.01398
   234/499        0G   0.03009    0.0115    0.0208   0.06239        22       320    0.8206    0.9988    0.9951    0.7581    0.0162  0.005729    0.0138
   235/499        0G   0.03065  0.009702   0.02379   0.06413        12       320    0.7018         1    0.9371    0.6351   0.01794  0.005962   0.01363
   236/499        0G   0.03166   0.01137   0.02419   0.06722        20       320    0.8183    0.9995    0.9951     0.724   0.01582  0.005918   0.01345
   237/499        0G    0.0298   0.01113   0.02065   0.06158        19       320    0.7783    0.9997    0.9951    0.7164    0.0187   0.00601   0.01325
   238/499        0G   0.03304   0.01291   0.02167   0.06761        23       320    0.7909    0.9998    0.9951    0.7544   0.01607  0.005975   0.01311
   239/499        0G   0.03242   0.01056   0.01996   0.06293        17       320    0.7162         1     0.951    0.6183   0.01906  0.006001   0.01294
   240/499        0G   0.03551  0.009799   0.02083   0.06614        14       320    0.8369         1    0.9951    0.7575    0.0155  0.005785    0.0127
   241/499        0G   0.03101   0.01111   0.02546   0.06757        15       320    0.7314    0.9995    0.9951    0.6499   0.01803  0.005912   0.01251
   242/499        0G   0.03207   0.00917   0.01963   0.06087        12       320    0.8628    0.9996    0.9951    0.7317   0.01725  0.005749   0.01228
   243/499        0G   0.03523   0.01003   0.02018   0.06544        16       320    0.8297    0.9993    0.9951    0.7037   0.01946  0.005971   0.01209
   244/499        0G   0.03392   0.01058   0.02023   0.06473        20       320     0.876         1    0.9951      0.74   0.01678  0.005764   0.01183
   245/499        0G    0.0398   0.01093   0.02118   0.07191        17       320    0.7697         1     0.987    0.7369   0.01896  0.006078   0.01165
   246/499        0G   0.03357   0.01154   0.02084   0.06594        20       320    0.8781         1    0.9951    0.7985    0.0148   0.00569   0.01148
   247/499        0G    0.0348  0.007981   0.02149   0.06427        10       320      0.75    0.9836    0.9892    0.6653   0.01999  0.005942   0.01132
   248/499        0G   0.03563   0.01201   0.01974   0.06738        21       320     0.884    0.9997    0.9951    0.8012   0.01413  0.005641   0.01103
   249/499        0G   0.03025   0.01038   0.02089   0.06153        16       320    0.7491    0.9999    0.9844    0.6598   0.01981  0.005803   0.01073
   250/499        0G   0.03061   0.01122   0.01537   0.05721        19       320    0.8964         1    0.9951    0.7921   0.01463  0.005543   0.01044
   251/499        0G   0.03205  0.009271   0.01728    0.0586        14       320    0.7155    0.9375    0.9501    0.4444   0.02627   0.00612   0.01016
   252/499        0G    0.0425   0.01115    0.0204   0.07404        17       320    0.7155    0.9375    0.9501    0.4444   0.02627   0.00612   0.01016
   253/499        0G   0.03965   0.01073   0.01685   0.06724        18       320    0.7885         1    0.9865    0.6517   0.01906  0.005789  0.009929
   254/499        0G   0.03878   0.01131   0.01902   0.06911        18       320    0.9723         1    0.9951    0.7119   0.01744   0.00572  0.009663
   255/499        0G   0.04215   0.01022    0.0168   0.06916        17       320    0.9723         1    0.9951    0.7119   0.01744   0.00572  0.009663
   256/499        0G   0.03861   0.01007   0.02401   0.07268        16       320    0.8928     0.976    0.9951    0.7053   0.01912  0.005748   0.00938
   257/499        0G   0.03306   0.01028   0.01896   0.06231        16       320    0.9698         1    0.9951    0.7132   0.01834  0.005715  0.009216
   258/499        0G   0.04121   0.01017   0.02288   0.07426        17       320    0.9698         1    0.9951    0.7132   0.01834  0.005715  0.009216
   259/499        0G   0.03606   0.01056    0.0169   0.06352        18       320    0.9806         1    0.9951    0.6594   0.01768  0.005822  0.008948
   260/499        0G   0.03045  0.009101   0.01499   0.05454        14       320    0.6852         1     0.924    0.6165   0.02559   0.00617  0.008569
   261/499        0G   0.04153   0.01103   0.01309   0.06565        16       320    0.6852         1     0.924    0.6165   0.02559   0.00617  0.008569
   262/499        0G   0.03786   0.01063   0.01572   0.06421        19       320    0.7489         1    0.9394    0.6939   0.01944  0.006068  0.008308
   263/499        0G   0.03258   0.01305   0.01444   0.06008        18       320    0.7754         1     0.943    0.6491   0.02018  0.006104  0.008118
   264/499        0G   0.04101   0.01135   0.02006   0.07242        16       320    0.7754         1     0.943    0.6491   0.02018  0.006104  0.008118
   265/499        0G   0.03328  0.009443   0.01469   0.05741        14       320    0.9868    0.9999    0.9951    0.7707   0.01421  0.005802  0.008029
   266/499        0G   0.03394   0.01083   0.01694   0.06171        20       320    0.7483         1    0.9334    0.5143   0.02126  0.005939  0.007768
   267/499        0G   0.04102  0.009171   0.01284   0.06303        15       320    0.7483         1    0.9334    0.5143   0.02126  0.005939  0.007768
   268/499        0G   0.03677  0.008182   0.01847   0.06342        12       320    0.8202         1    0.9888    0.6836   0.01982  0.005812  0.007568
   269/499        0G   0.03512  0.008959   0.01389   0.05797        13       320    0.9731         1    0.9951    0.7161   0.02076  0.005945   0.00737
   270/499        0G   0.03829   0.00952    0.0158   0.06362        13       320    0.9731         1    0.9951    0.7161   0.02076  0.005945   0.00737
   271/499        0G   0.03333  0.009564   0.01635   0.05925        15       320    0.9888         1    0.9951    0.7583   0.01462  0.005569  0.007172
   272/499        0G   0.03469   0.01138    0.0131   0.05917        16       320    0.7554         1    0.9351    0.5108   0.02941  0.006229  0.006992
   273/499        0G   0.05142    0.0109    0.0195   0.08182        19       320    0.7554         1    0.9351    0.5108   0.02941  0.006229  0.006992
   274/499        0G   0.04147   0.01084   0.01725   0.06957        17       320    0.8949    0.9936    0.9951    0.7329    0.0196  0.005617  0.006823
   275/499        0G   0.03451  0.009417   0.01505   0.05897        15       320    0.7491         1    0.9282    0.6099    0.0258  0.006036  0.006612
   276/499        0G   0.04189  0.009195   0.01397   0.06506        12       320    0.7491         1    0.9282    0.6099    0.0258  0.006036  0.006612
   277/499        0G   0.03984  0.009928   0.01821   0.06798        17       320    0.7499         1    0.9218    0.6381   0.02274   0.00593  0.006508
   278/499        0G   0.03632   0.01083   0.01338   0.06053        18       320    0.8415    0.8929     0.953    0.5599    0.0255   0.00608  0.006467
   279/499        0G   0.04075   0.00876    0.0173   0.06681        14       320    0.8415    0.8929     0.953    0.5599    0.0255   0.00608  0.006467
   280/499        0G    0.0371  0.009172   0.01574   0.06201        12       320    0.8941      0.96    0.9531     0.681   0.01722  0.005789  0.006442
   281/499        0G   0.02666  0.009834    0.0121    0.0486        14       320    0.7548     0.987    0.8801    0.4212   0.02844  0.006032  0.006345
   282/499        0G   0.04918   0.01037   0.01645     0.076        20       320    0.7548     0.987    0.8801    0.4212   0.02844  0.006032  0.006345
   283/499        0G   0.04575   0.01002    0.0141   0.06987        17       320    0.9127    0.9667    0.9588    0.6757   0.02501  0.005869   0.00629
   284/499        0G   0.03778   0.01129   0.01777   0.06684        16       320    0.9897         1    0.9951    0.5719   0.01757  0.005942  0.006209
   285/499        0G   0.03032  0.009149   0.01206   0.05153        16       320    0.9897         1    0.9951    0.5719   0.01757  0.005942  0.006209
   286/499        0G   0.02952  0.009456    0.0111   0.05008        16       320    0.9902         1    0.9951    0.7947   0.01803  0.005818  0.006054
   287/499        0G   0.03426   0.01261   0.01313      0.06        25       320    0.9908         1    0.9951    0.4945   0.02162  0.006089  0.005999
   288/499        0G   0.03946  0.009419   0.01387   0.06275        13       320    0.9908         1    0.9951    0.4945   0.02162  0.006089  0.005999
   289/499        0G   0.03268  0.008285   0.01097   0.05193        13       320    0.9946         1    0.9951    0.7493   0.01438   0.00578  0.005905
   290/499        0G   0.02724   0.01086   0.01593   0.05403        16       320    0.7242     0.933      0.92    0.5175   0.02174  0.005957  0.005741
   291/499        0G   0.03756   0.01002   0.01217   0.05974        20       320    0.7242     0.933      0.92    0.5175   0.02174  0.005957  0.005741
   292/499        0G   0.03644   0.01051   0.01371   0.06065        16       320    0.9317         1    0.9951    0.6994   0.02014  0.005807  0.005601
   293/499        0G   0.03466   0.01329   0.01283   0.06078        24       320    0.7995         1    0.9331    0.4351   0.02128  0.005691  0.005509
   294/499        0G   0.03828   0.01026  0.008879   0.05742        19       320    0.7995         1    0.9331    0.4351   0.02128  0.005691  0.005509
   295/499        0G   0.03562  0.009871   0.01328   0.05877        21       320     0.998         1    0.9951    0.7967   0.01585  0.005279  0.005432
   296/499        0G   0.02952  0.008017   0.01563   0.05317        11       320    0.9957         1    0.9951    0.6718    0.0231  0.005584  0.005253
   297/499        0G   0.03571   0.01018   0.01396   0.05985        17       320    0.9957         1    0.9951    0.6718    0.0231  0.005584  0.005253
   298/499        0G   0.03385   0.01135   0.01362   0.05882        20       320     0.999         1    0.9951    0.7908   0.01559  0.005168  0.005219
   299/499        0G   0.02713   0.01025   0.01097   0.04836        19       320    0.9436         1    0.9885    0.7934   0.02031  0.005509  0.005146
   300/499        0G   0.03879  0.008861   0.02205    0.0697        16       320    0.9436         1    0.9885    0.7934   0.02031  0.005509  0.005146
   301/499        0G    0.0338  0.009365   0.01065   0.05382        16       320    0.9438    0.9996    0.9812    0.6981   0.01643  0.005381   0.00511
   302/499        0G   0.03335   0.01022   0.01363    0.0572        17       320    0.9396         1    0.9807     0.575   0.02031  0.005592  0.005044
   303/499        0G   0.03708  0.009177   0.01071   0.05697        14       320    0.9396         1    0.9807     0.575   0.02031  0.005592  0.005044
   304/499        0G   0.03154   0.00902   0.01631   0.05687        13       320    0.9976    0.9972    0.9951    0.6619   0.01589  0.005357  0.005008
   305/499        0G   0.02844  0.009519   0.01121   0.04916        16       320    0.9146    0.9561    0.9951    0.6905    0.0182  0.005518  0.004958
   306/499        0G    0.0402  0.008629   0.01671   0.06553        14       320    0.9146    0.9561    0.9951    0.6905    0.0182  0.005518  0.004958
   307/499        0G   0.03161   0.00846   0.01174   0.05181        12       320    0.9671         1    0.9951    0.7711   0.01457  0.005237  0.004913
   308/499        0G   0.02868  0.008809   0.01332   0.05081        14       320     0.812    0.9997    0.9848    0.6976   0.01708  0.005365   0.00489
   309/499        0G   0.03448  0.008886    0.0135   0.05687        16       320     0.812    0.9997    0.9848    0.6976   0.01708  0.005365   0.00489
   310/499        0G   0.03504  0.009937   0.01392    0.0589        18       320    0.8113         1     0.987     0.786   0.01759  0.005378   0.00486
   311/499        0G   0.03783   0.01037   0.01408   0.06228        17       320    0.8244     0.936    0.9121     0.622   0.02071  0.005468  0.004825
   312/499        0G   0.03945   0.01023   0.01289   0.06257        18       320    0.8244     0.936    0.9121     0.622   0.02071  0.005468  0.004825
   313/499        0G    0.0383   0.01138    0.0108   0.06049        22       320    0.6647    0.9375    0.8485    0.5433   0.01857  0.005346  0.004842
   314/499        0G   0.03606   0.01136   0.01164   0.05906        20       320    0.7865    0.9999    0.9406    0.5877   0.01741  0.005156  0.004855
   315/499        0G     0.035   0.01092   0.01693   0.06285        15       320    0.7865    0.9999    0.9406    0.5877   0.01741  0.005156  0.004855
   316/499        0G   0.03074  0.008377  0.009195   0.04831        12       320    0.9938         1    0.9951      0.75   0.01393  0.004955  0.004881
   317/499        0G   0.03066   0.01166   0.01543   0.05775        22       320    0.7984         1    0.9391    0.5655   0.01787  0.005173    0.0048
   318/499        0G   0.03422   0.00952    0.0183   0.06204        18       320    0.7984         1    0.9391    0.5655   0.01787  0.005173    0.0048
   319/499        0G   0.02731  0.008912  0.009602   0.04583        13       320    0.9948         1    0.9951    0.7688   0.01311  0.004843  0.004734
   320/499        0G   0.02519  0.009719   0.01144   0.04634        17       320    0.9943         1    0.9951    0.7411   0.01603  0.004963  0.004672
   321/499        0G   0.02292  0.009384  0.007613   0.03992        16       320    0.9943         1    0.9951    0.7411   0.01603  0.004963  0.004672
   322/499        0G   0.02844  0.008954   0.01205   0.04944        19       320    0.9927         1    0.9951    0.7486   0.01382  0.004952  0.004633
   323/499        0G   0.02709   0.01011    0.0188     0.056        16       320    0.6178    0.9375    0.8439     0.526   0.02065  0.005407  0.004522
   324/499        0G   0.04218   0.01081   0.01309   0.06608        21       320    0.6178    0.9375    0.8439     0.526   0.02065  0.005407  0.004522
   325/499        0G   0.03501  0.009854   0.01363   0.05849        16       320    0.7731    0.9356    0.8637    0.6829   0.01662  0.005082  0.004496
   326/499        0G   0.02975  0.009733     0.015   0.05448        16       320    0.9163    0.9735    0.9849    0.7193   0.01719  0.005026  0.004482
   327/499        0G   0.03305  0.006773   0.01684   0.05667        10       320    0.9163    0.9735    0.9849    0.7193   0.01719  0.005026  0.004482
   328/499        0G   0.02816  0.009917  0.008981   0.04706        18       320    0.9969         1    0.9951    0.7806   0.01317  0.004719  0.004472
   329/499        0G    0.0251  0.009856   0.01402   0.04898        20       320    0.7783     0.956    0.9638    0.5426   0.02291  0.005456  0.004434
   330/499        0G   0.03845  0.009175   0.01144   0.05906        17       320    0.7783     0.956    0.9638    0.5426   0.02291  0.005456  0.004434
   331/499        0G   0.03508  0.008101   0.01392    0.0571        14       320    0.9979    0.9993    0.9951    0.7074   0.01677  0.005028  0.004445
   332/499        0G   0.02846  0.007317   0.01899   0.05477        10       320    0.8409     0.901    0.9077    0.4303    0.0239  0.005287  0.004537
   333/499        0G   0.04473   0.00847   0.01741   0.07061        13       320    0.8409     0.901    0.9077    0.4303    0.0239  0.005287  0.004537
   334/499        0G   0.03438  0.009695   0.01338   0.05745        17       320    0.9559     0.902    0.9849    0.6572    0.0211  0.005077   0.00459
   335/499        0G   0.03236  0.008481   0.01159   0.05243        13       320    0.9978    0.9999    0.9951    0.8628   0.01427  0.004778  0.004634
   336/499        0G   0.03066  0.009814   0.01725   0.05773        15       320    0.9978    0.9999    0.9951    0.8628   0.01427  0.004778  0.004634
   337/499        0G   0.02754  0.009994     0.012   0.04953        20       320    0.9978         1    0.9951    0.8399   0.01438   0.00481  0.004604
   338/499        0G   0.02503  0.007983   0.01035   0.04337        14       320    0.7009    0.9375    0.8595    0.6375   0.01662  0.004927  0.004547
   339/499        0G   0.02977  0.009864   0.01046   0.05009        19       320    0.7009    0.9375    0.8595    0.6375   0.01662  0.004927  0.004547
   340/499        0G   0.02711  0.008842  0.008668   0.04462        14       320    0.9972         1    0.9952    0.8207   0.01389  0.004829    0.0045
   341/499        0G   0.02648  0.008831   0.01344   0.04875        18       320    0.9481    0.9998    0.9952    0.5408   0.02591   0.00558  0.004434
   342/499        0G    0.0401    0.0118   0.01142   0.06332        20       320    0.9481    0.9998    0.9952    0.5408   0.02591   0.00558  0.004434
   343/499        0G   0.03462  0.009216   0.01395    0.0578        16       320    0.8758     0.886    0.9765    0.6227   0.02201  0.005365  0.004385
   344/499        0G   0.03215   0.01009    0.0128   0.05504        15       320      0.89    0.9158    0.9655    0.5337   0.01984  0.005364  0.004354
   345/499        0G   0.04582   0.01117  0.009102    0.0661        22       320      0.89    0.9158    0.9655    0.5337   0.01984  0.005364  0.004354
   346/499        0G   0.03856  0.009347   0.01502   0.06293        15       320    0.9273    0.9372    0.9783    0.6419   0.01541  0.005052   0.00434
   347/499        0G   0.02758  0.007998   0.01102   0.04659        11       320    0.9914         1    0.9951    0.6841   0.01819  0.005201  0.004286
   348/499        0G   0.03472   0.01036   0.01393     0.059        20       320    0.9914         1    0.9951    0.6841   0.01819  0.005201  0.004286
   349/499        0G   0.03111   0.01049   0.01219   0.05378        19       320    0.8111         1    0.9916    0.7317   0.01813  0.005153   0.00429
   350/499        0G   0.02406  0.008373   0.01073   0.04316        16       320    0.9961         1    0.9951    0.7892   0.01529  0.005016  0.004294
   351/499        0G   0.03622  0.009111   0.01433   0.05965        17       320    0.9961         1    0.9951    0.7892   0.01529  0.005016  0.004294
   352/499        0G   0.03107  0.008061   0.01676   0.05589        15       320    0.9968         1    0.9952    0.8414   0.01316   0.00483  0.004262
   353/499        0G   0.02468  0.009571   0.01877   0.05302        15       320    0.9969         1    0.9951    0.8227    0.0138  0.004867  0.004248
   354/499        0G   0.02752  0.009644   0.01097   0.04814        17       320    0.9969         1    0.9951    0.8227    0.0138  0.004867  0.004248
   355/499        0G   0.02334  0.008413  0.009622   0.04137        16       320    0.9965         1    0.9951    0.8761   0.01049  0.004655  0.004226
   356/499        0G    0.0222   0.01032   0.01284   0.04536        21       320    0.8954         1    0.9701     0.786   0.01597  0.005034  0.004203
   357/499        0G   0.03192   0.01025   0.01019   0.05236        18       320    0.8954         1    0.9701     0.786   0.01597  0.005034  0.004203
   358/499        0G   0.03096  0.009263   0.01571   0.05593        15       320    0.9965         1    0.9952    0.7587    0.0132  0.004822  0.004149
   359/499        0G   0.02711  0.009415   0.01342   0.04994        15       320    0.9942         1    0.9952    0.6649    0.0195  0.005042  0.004154
   360/499        0G   0.03481   0.01092  0.009677   0.05541        20       320    0.9942         1    0.9952    0.6649    0.0195  0.005042  0.004154
   361/499        0G   0.02978  0.009642   0.01073   0.05015        20       320    0.9953         1    0.9952    0.7421   0.01587  0.004814   0.00414
   362/499        0G   0.02454  0.007984   0.01456   0.04708        15       320    0.9676         1    0.9952    0.6447   0.01881  0.005288   0.00412
   363/499        0G   0.04193  0.009617  0.008929   0.06047        16       320    0.9676         1    0.9952    0.6447   0.01881  0.005288   0.00412
   364/499        0G   0.03349  0.007786   0.01337   0.05465        13       320     0.996         1    0.9952    0.7709   0.01534  0.005051  0.004101
   365/499        0G   0.02841  0.008449   0.01969   0.05655        15       320    0.9958         1    0.9952    0.7917   0.01231  0.004908  0.004097
   366/499        0G   0.02371   0.01037   0.01185   0.04594        20       320    0.9958         1    0.9952    0.7917   0.01231  0.004908  0.004097
   367/499        0G   0.02575  0.007681   0.01034   0.04377        13       320    0.9963         1    0.9952    0.8238   0.01244  0.004786  0.004091
   368/499        0G   0.02656  0.007893   0.01707   0.05153        14       320    0.9532         1    0.9952    0.6422   0.02203  0.005411  0.004038
   369/499        0G   0.03391  0.007527    0.0124   0.05384        15       320    0.9532         1    0.9952    0.6422   0.02203  0.005411  0.004038
   370/499        0G    0.0331  0.009864   0.01014    0.0531        15       320    0.9668         1    0.9952     0.704   0.01872  0.005166  0.004007
   371/499        0G   0.02673  0.008592   0.01038    0.0457        13       320    0.9974         1    0.9952    0.8258   0.01374  0.004708  0.004003
   372/499        0G    0.0251  0.007969  0.009353   0.04243        13       320    0.9974         1    0.9952    0.8258   0.01374  0.004708  0.004003
   373/499        0G   0.02818  0.006724   0.01371   0.04862        10       320    0.9969         1    0.9952    0.8699   0.01264  0.004678  0.004001
   374/499        0G     0.023  0.009021    0.0109   0.04292        18       320    0.9977         1    0.9952    0.7444   0.01301  0.004688  0.004021
   375/499        0G   0.02826   0.01013    0.0104   0.04879        18       320    0.9977         1    0.9952    0.7444   0.01301  0.004688  0.004021
   376/499        0G   0.02841  0.009866   0.01007   0.04834        19       320     0.998         1    0.9952     0.846   0.01123  0.004534  0.003987
   377/499        0G   0.02319  0.007282   0.01374   0.04421        12       320    0.9941         1    0.9952    0.7087   0.01579  0.004949  0.003916
   378/499        0G   0.02739  0.009915  0.007977   0.04529        17       320    0.9941         1    0.9952    0.7087   0.01579  0.004949  0.003916
   379/499        0G   0.02792  0.007814   0.01512   0.05085        13       320    0.9985         1    0.9951    0.7788   0.01259  0.004707  0.003878
   380/499        0G    0.0276  0.009951   0.01118   0.04873        18       320    0.9982         1    0.9952    0.8225   0.01262  0.004626  0.003833
   381/499        0G   0.02994  0.007642   0.01278   0.05036        15       320    0.9982         1    0.9952    0.8225   0.01262  0.004626  0.003833
   382/499        0G   0.02774   0.01067  0.007999    0.0464        17       320    0.9984         1    0.9952    0.8071   0.01126  0.004494   0.00377
   383/499        0G   0.02147  0.008391  0.007477   0.03734        14       320    0.9978         1    0.9952    0.7381   0.01356  0.004726  0.003708
   384/499        0G    0.0296  0.008939   0.01066    0.0492        16       320    0.9978         1    0.9952    0.7381   0.01356  0.004726  0.003708
   385/499        0G   0.02666  0.007744   0.01435   0.04875        15       320    0.9978         1    0.9952    0.8839   0.01095  0.004436  0.003676
   386/499        0G   0.02187  0.008914   0.01649   0.04727        16       320    0.9976         1    0.9952     0.782   0.01617  0.004871  0.003627
   387/499        0G   0.02915  0.008641  0.009199   0.04699        18       320    0.9976         1    0.9952     0.782   0.01617  0.004871  0.003627
   388/499        0G   0.02736  0.007784   0.01116    0.0463        13       320    0.9982         1    0.9952    0.8391   0.01278  0.004538  0.003594
   389/499        0G    0.0228  0.007701   0.01365   0.04415        16       320    0.9985         1    0.9952    0.7434   0.01158  0.004388  0.003541
   390/499        0G   0.02797   0.01085     0.009   0.04782        21       320    0.9985         1    0.9952    0.7434   0.01158  0.004388  0.003541
   391/499        0G   0.02651  0.008527   0.01145   0.04649        16       320    0.9985         1    0.9952    0.7415   0.01317  0.004448   0.00354
   392/499        0G   0.02668  0.008444   0.01937   0.05449        12       320    0.9673         1    0.9952    0.7593   0.01397  0.004631   0.00353
   393/499        0G   0.02779  0.009816    0.0121   0.04971        14       320    0.9673         1    0.9952    0.7593   0.01397  0.004631   0.00353
   394/499        0G   0.02435  0.007977  0.007039   0.03937        19       320    0.9981         1    0.9952    0.8487   0.01174  0.004343  0.003515
   395/499        0G   0.02267  0.008766   0.01096    0.0424        20       320    0.9251    0.9375    0.9475    0.7963   0.01441  0.004394   0.00351
   396/499        0G   0.02741  0.009081  0.007493   0.04398        16       320    0.9251    0.9375    0.9475    0.7963   0.01441  0.004394   0.00351
   397/499        0G   0.02618  0.008937   0.01099   0.04611        18       320    0.8609         1    0.9286    0.7033   0.01444  0.004459  0.003509
   398/499        0G   0.02285  0.009119  0.009481   0.04145        13       320    0.9979         1    0.9952    0.8448    0.0123  0.004336  0.003492
   399/499        0G   0.03007   0.00769    0.0101   0.04786        14       320    0.9979         1    0.9952    0.8448    0.0123  0.004336  0.003492
   400/499        0G   0.02684  0.008924    0.0105   0.04626        19       320     0.998         1    0.9952    0.7814   0.01116  0.004239  0.003472
   401/499        0G   0.02294  0.007061  0.005789   0.03579        16       320    0.9965         1    0.9952    0.6792   0.01753  0.004749  0.003475
   402/499        0G    0.0351  0.009668   0.01545   0.06022        13       320    0.9965         1    0.9952    0.6792   0.01753  0.004749  0.003475
   403/499        0G   0.03364   0.01051   0.01095    0.0551        20       320    0.9818         1    0.9952    0.7839   0.01366  0.004358  0.003496
   404/499        0G   0.02674  0.008297   0.01107    0.0461        18       320    0.9974         1    0.9952    0.8197   0.01156  0.004306  0.003486
   405/499        0G   0.03136  0.008469   0.01519   0.05502        16       320    0.9974         1    0.9952    0.8197   0.01156  0.004306  0.003486
   406/499        0G   0.02896  0.008294   0.01532   0.05257        16       320    0.9951         1    0.9952    0.8653   0.01142  0.004206  0.003488
   407/499        0G   0.02739  0.007367   0.01066   0.04542        12       320    0.9973         1    0.9952    0.8308    0.0142  0.004442  0.003456
   408/499        0G   0.03567  0.009591   0.01074     0.056        18       320    0.9973         1    0.9952    0.8308    0.0142  0.004442  0.003456
   409/499        0G   0.03135  0.009137  0.009324   0.04981        18       320    0.9973         1    0.9952    0.8673   0.01194  0.004291  0.003462
   410/499        0G   0.03072   0.00955    0.0115   0.05177        16       320    0.9956         1    0.9952    0.7828   0.01539  0.004654  0.003475
   411/499        0G   0.03247  0.007391   0.01484    0.0547        12       320    0.9956         1    0.9952    0.7828   0.01539  0.004654  0.003475
   412/499        0G    0.0281  0.009486  0.009003   0.04659        19       320    0.9956         1    0.9952    0.8329   0.01094  0.004394  0.003477
   413/499        0G   0.02427  0.008645  0.009379   0.04229        19       320    0.9973    0.9996    0.9952    0.7052    0.0145   0.00484  0.003451
   414/499        0G    0.0311  0.008051   0.01283   0.05198        14       320    0.9973    0.9996    0.9952    0.7052    0.0145   0.00484  0.003451
   415/499        0G   0.02568  0.008393   0.01223    0.0463        14       320    0.9975         1    0.9952    0.7856   0.01031  0.004392  0.003422
   416/499        0G   0.02451  0.008045   0.01148   0.04403        16       320    0.9954         1    0.9952    0.8421   0.01464  0.004647  0.003379
   417/499        0G   0.02644  0.008962  0.009719   0.04512        15       320    0.9954         1    0.9952    0.8421   0.01464  0.004647  0.003379
   418/499        0G   0.02568   0.01004  0.009659   0.04537        22       320     0.997         1    0.9952    0.7966   0.01183  0.004401  0.003343
   419/499        0G    0.0265  0.009544   0.01271   0.04876        20       320     0.997         1    0.9952    0.7966   0.01183  0.004401  0.003343
   420/499        0G   0.02667  0.008402   0.01086   0.04593        15       320    0.9732         1    0.9952     0.817   0.01306  0.004512  0.003324
   421/499        0G    0.0249  0.008412  0.008042   0.04136        19       320    0.9732         1    0.9952     0.817   0.01306  0.004512  0.003324
   422/499        0G   0.02631  0.009255  0.009473   0.04504        23       320    0.9972         1    0.9952    0.8138   0.01128  0.004317  0.003299
   423/499        0G   0.02692  0.009182   0.01481   0.05091        19       320    0.9972         1    0.9952    0.8138   0.01128  0.004317  0.003299
   424/499        0G   0.02621  0.008345  0.008348    0.0429        14       320    0.9968         1    0.9952    0.8324   0.01198  0.004386  0.003257
   425/499        0G   0.02459  0.009478  0.007925   0.04199        20       320    0.9968         1    0.9952    0.8324   0.01198  0.004386  0.003257
   426/499        0G    0.0266  0.008312   0.01647   0.05139        18       320    0.9981         1    0.9952    0.6982   0.01529  0.004577  0.003248
   427/499        0G   0.03185   0.00701    0.0118   0.05067        12       320    0.9981         1    0.9952    0.6982   0.01529  0.004577  0.003248
   428/499        0G   0.02822   0.01045   0.01213    0.0508        20       320    0.9981         1    0.9952    0.8796  0.009636  0.004159  0.003233
   429/499        0G   0.01841  0.007219  0.008118   0.03374        15       320    0.9981         1    0.9952    0.8796  0.009636  0.004159  0.003233
   430/499        0G   0.02248  0.007656   0.01452   0.04466        17       320    0.9976         1    0.9952    0.8669   0.01065  0.004264  0.003251
   431/499        0G   0.02308  0.007439  0.008629   0.03915        13       320    0.9976         1    0.9952    0.8669   0.01065  0.004264  0.003251
   432/499        0G   0.02006  0.007293  0.006388   0.03374        12       320     0.998         1    0.9952    0.8186   0.01411  0.004443  0.003227
   433/499        0G    0.0266  0.009643   0.01024   0.04648        18       320     0.998         1    0.9952    0.8186   0.01411  0.004443  0.003227
   434/499        0G   0.02852  0.008662   0.00746   0.04465        17       320    0.9977         1    0.9952    0.8465   0.01237  0.004302  0.003253
   435/499        0G   0.02792  0.007393   0.01066   0.04597        16       320    0.9977         1    0.9952    0.8465   0.01237  0.004302  0.003253
   436/499        0G   0.02591  0.008917   0.01342   0.04825        20       320    0.9979         1    0.9952    0.8163    0.0114  0.004253  0.003223
   437/499        0G    0.0245  0.008742  0.008317   0.04156        16       320    0.9979         1    0.9952    0.8163    0.0114  0.004253  0.003223
   438/499        0G   0.02447   0.01053    0.0129    0.0479        22       320    0.9978         1    0.9952    0.8117    0.0134  0.004378  0.003221
   439/499        0G   0.02546  0.007518   0.00923   0.04221        13       320    0.9978         1    0.9952    0.8117    0.0134  0.004378  0.003221
   440/499        0G   0.02282  0.009167  0.008949   0.04093        20       320    0.9979         1    0.9953    0.8232   0.01189  0.004309  0.003187
   441/499        0G   0.02538  0.009456   0.01063   0.04546        15       320    0.9979         1    0.9953    0.8232   0.01189  0.004309  0.003187
   442/499        0G   0.02438  0.008799  0.007404   0.04058        19       320    0.9982         1    0.9952    0.8335   0.01168  0.004288  0.003193
   443/499        0G   0.02542  0.007761    0.0139   0.04707        14       320    0.9982         1    0.9952    0.8335   0.01168  0.004288  0.003193
   444/499        0G   0.02339   0.01092  0.007277   0.04159        24       320    0.9985         1    0.9952    0.8218   0.01282   0.00422  0.003171
   445/499        0G   0.02582  0.007209   0.01013   0.04317        11       320    0.9985         1    0.9952    0.8218   0.01282   0.00422  0.003171
   446/499        0G   0.02483  0.009098  0.006091   0.04001        17       320    0.9983         1    0.9952    0.8702   0.01343  0.004392  0.003153
   447/499        0G   0.02582  0.009193  0.008762   0.04377        18       320    0.9983         1    0.9952    0.8702   0.01343  0.004392  0.003153
   448/499        0G   0.02707  0.008686   0.01037   0.04612        17       320     0.998         1    0.9952     0.835   0.01077  0.004127  0.003154
   449/499        0G    0.0214  0.008357  0.007812   0.03756        15       320     0.998         1    0.9952     0.835   0.01077  0.004127  0.003154
   450/499        0G   0.02363   0.01087  0.009579   0.04408        21       320    0.9973         1    0.9952    0.7717   0.01307  0.004266  0.003118
   451/499        0G    0.0258  0.009591  0.006341   0.04173        18       320    0.9973         1    0.9952    0.7717   0.01307  0.004266  0.003118
   452/499        0G   0.02354   0.00831   0.01091   0.04277        20       320    0.9978         1    0.9952    0.8146  0.009716  0.004124  0.003095
   453/499        0G   0.02514  0.007148   0.01038   0.04266        13       320    0.9978         1    0.9952    0.8146  0.009716  0.004124  0.003095
   454/499        0G   0.01958  0.008031  0.009608   0.03722        19       320    0.9981         1    0.9952    0.8566   0.01189  0.004198  0.003064
   455/499        0G    0.0222   0.00861   0.01071   0.04151        16       320    0.9981         1    0.9952    0.8566   0.01189  0.004198  0.003064
   456/499        0G   0.02329  0.008308   0.01089   0.04249        19       320    0.9978         1    0.9952    0.8658   0.01194  0.004238  0.003055
   457/499        0G   0.02082  0.008696  0.008674   0.03819        21       320    0.9978         1    0.9952    0.8658   0.01194  0.004238  0.003055
   458/499        0G     0.021  0.007196  0.009497   0.03769        15       320    0.9975         1    0.9952    0.8293   0.01181   0.00415  0.003032
   459/499        0G   0.02566  0.007401  0.007232   0.04029        16       320    0.9975         1    0.9952    0.8293   0.01181   0.00415  0.003032
   460/499        0G   0.02319   0.00789  0.007054   0.03814        16       320    0.9978         1    0.9952    0.7874   0.01348  0.004313  0.003005
   461/499        0G   0.03358  0.008788   0.01855   0.06092        18       320    0.9978         1    0.9952    0.7874   0.01348  0.004313  0.003005
   462/499        0G   0.02771  0.009528  0.007248   0.04448        19       320    0.9982         1    0.9953    0.8001   0.01144   0.00404  0.002984
   463/499        0G   0.02185  0.007415  0.007504   0.03677        15       320    0.9982         1    0.9953    0.8001   0.01144   0.00404  0.002984
   464/499        0G   0.02476  0.008641  0.007897    0.0413        19       320    0.9988         1    0.9953    0.7325   0.01448   0.00424  0.002974
   465/499        0G   0.02605  0.008269  0.006565   0.04088        17       320    0.9988         1    0.9953    0.7325   0.01448   0.00424  0.002974
   466/499        0G   0.02641  0.007639    0.0118   0.04584        12       320     0.999         1    0.9953     0.874   0.01005  0.003906   0.00298
   467/499        0G    0.0231  0.008504   0.00731   0.03892        15       320     0.999         1    0.9953     0.874   0.01005  0.003906   0.00298
   468/499        0G   0.02196  0.007218   0.01051   0.03968        15       320    0.9995         1    0.9953    0.8908  0.009154  0.003763  0.002959
   469/499        0G   0.01984  0.007463   0.01021   0.03752        15       320    0.9995         1    0.9953    0.8908  0.009154  0.003763  0.002959
   470/499        0G   0.02439  0.007541   0.01617    0.0481        13       320    0.9993         1    0.9953     0.889   0.01182  0.003963  0.002921
   471/499        0G   0.02364  0.008481  0.009998   0.04212        19       320    0.9993         1    0.9953     0.889   0.01182  0.003963  0.002921
   472/499        0G   0.02141  0.008567  0.008488   0.03847        15       320    0.9994         1    0.9953    0.9052  0.008943  0.003788  0.002898
   473/499        0G   0.02073  0.009083  0.007855   0.03767        23       320    0.9994         1    0.9953    0.9052  0.008943  0.003788  0.002898
   474/499        0G   0.02086   0.00807   0.01092   0.03986        19       320    0.9995         1    0.9953    0.8634   0.01203  0.004012  0.002848
   475/499        0G   0.02221   0.00786  0.006475   0.03654        17       320    0.9995         1    0.9953    0.8634   0.01203  0.004012  0.002848
   476/499        0G   0.02376  0.008902  0.008371   0.04103        18       320    0.9998         1    0.9953    0.7566   0.01169  0.004025  0.002847
   477/499        0G   0.02445  0.007874  0.008801   0.04113        16       320    0.9998         1    0.9953    0.7566   0.01169  0.004025  0.002847
   478/499        0G   0.02559  0.009161    0.0113   0.04606        16       320    0.9998         1    0.9953    0.8667   0.01062  0.003877  0.002834
   479/499        0G   0.02126  0.007849   0.01242   0.04153        14       320    0.9998         1    0.9953    0.8667   0.01062  0.003877  0.002834
   480/499        0G   0.02283  0.007488  0.006551   0.03687        15       320    0.9999         1    0.9953    0.8197   0.01227  0.004125  0.002846
   481/499        0G   0.02326  0.008847   0.01148   0.04359        19       320    0.9999         1    0.9953    0.8197   0.01227  0.004125  0.002846
   482/499        0G   0.02278  0.007988  0.006208   0.03698        14       320    0.9997         1    0.9953    0.8232   0.01021  0.003974  0.002857
   483/499        0G   0.02269  0.007088  0.007759   0.03754        10       320    0.9997         1    0.9953    0.8232   0.01021  0.003974  0.002857
   484/499        0G   0.02487  0.007254   0.01324   0.04537        13       320    0.9995         1    0.9953    0.8837   0.01158  0.004138  0.002884
   485/499        0G    0.0227  0.008054   0.01598   0.04674        13       320    0.9995         1    0.9953    0.8837   0.01158  0.004138  0.002884
   486/499        0G   0.02386   0.00842   0.00882    0.0411        14       320    0.9998         1    0.9952    0.9079   0.01021  0.003988   0.00287
   487/499        0G   0.02268  0.007566  0.005322   0.03557        16       320    0.9998         1    0.9952    0.9079   0.01021  0.003988   0.00287
   488/499        0G   0.02269  0.008901   0.01012   0.04171        18       320    0.9999         1    0.9953    0.8088   0.01101  0.004094  0.002877
   489/499        0G   0.02044  0.007128  0.007436   0.03501        13       320    0.9999         1    0.9953    0.8088   0.01101  0.004094  0.002877
   490/499        0G    0.0172  0.009577  0.005231     0.032        20       320    0.9993         1    0.9953    0.8197   0.01164  0.004156   0.00287
   491/499        0G   0.02436  0.008242   0.01424   0.04684        16       320    0.9993         1    0.9953    0.8197   0.01164  0.004156   0.00287
   492/499        0G   0.02656  0.008292    0.0117   0.04656        14       320     0.999         1    0.9953    0.8899   0.01052  0.004095  0.002855
   493/499        0G   0.02594   0.01038  0.007987   0.04431        19       320     0.999         1    0.9953    0.8899   0.01052  0.004095  0.002855
   494/499        0G   0.03011  0.009221   0.01215   0.05147        22       320    0.9989         1    0.9953    0.8859  0.009379  0.003964  0.002841
   495/499        0G   0.02043  0.007946  0.008318   0.03669        17       320    0.9989         1    0.9953    0.8859  0.009379  0.003964  0.002841
   496/499        0G    0.0212  0.008479  0.008899   0.03858        18       320    0.9986    0.9999    0.9953    0.7487   0.01223    0.0041  0.002809
   497/499        0G   0.02648  0.007081   0.01348   0.04704        14       320    0.9986    0.9999    0.9953    0.7487   0.01223    0.0041  0.002809
   498/499        0G   0.02244  0.007868  0.005553   0.03586        16       320     0.999         1    0.9953    0.9004   0.01076  0.004092    0.0028
   499/499        0G   0.02448  0.007158  0.007547   0.03919        14       320     0.999         1    0.9953    0.9004   0.01076  0.004092    0.0028
